0.0 0.0 0.0 | 2.0 0.5 0.05 | 4.0 0.2 0.05 | 8.0 1.0 0.05 | 5.0 1.0 0.05 | 4.0 0.5 0.05 | 3.0 1.0 0.05 | 9.0 0.0 0.05 | 4.0 2.0 0.05 | 7.0 4.0 0.05
2.0 0.5 0.05 | 0.0 0.0 0.0 | 2.0 1.0 0.05 | 7.0 2.0 0.05 | 6.0 2.0 0.05 | 8.0 0.0 0.05 | 4.0 1.0 0.05 | 5.0 2.0 0.05 | 3.0 1.0 0.05 | 9.0 2.0 0.05
4.0 0.2 0.05 | 2.0 1.0 0.05 | 0.0 0.0 0.0 | 1.0 0.0 0.05 | 4.0 2.0 0.05 | 5.0 0.0 0.05 | 9.0 2.0 0.05 | 6.0 1.0 0.05 | 8.0 2.0 0.05 | 7.0 1.0 0.05
8.0 1.0 0.05 | 7.0 2.0 0.05 | 1.0 0.0 0.05 | 0.0 0.0 0.0 | 2.0 4.0 0.05 | 9.0 2.0 0.05 | 3.0 2.0 0.05 | 5.0 1.0 0.05 | 6.0 2.0 0.05 | 4.0 0.0 0.05
5.0 1.0 0.05 | 6.0 2.0 0.05 | 4.0 2.0 0.05 | 2.0 4.0 0.05 | 0.0 0.0 0.0 | 3.0 2.0 0.05 | 7.0 0.0 0.05 | 1.0 1.0 0.05 | 8.0 2.0 0.05 | 9.0 0.0 0.05
4.0 0.5 0.05 | 8.0 0.0 0.05 | 5.0 0.0 0.05 | 9.0 2.0 0.05 | 3.0 2.0 0.05 | 0.0 0.0 0.0 | 4.0 1.0 0.05 | 2.0 0.0 0.05 | 6.0 2.0 0.05 | 1.0 1.0 0.05
3.0 1.0 0.05 | 4.0 1.0 0.05 | 9.0 2.0 0.05 | 3.0 2.0 0.05 | 7.0 0.0 0.05 | 4.0 1.0 0.05 | 0.0 0.0 0.0 | 2.0 0.0 0.05 | 5.0 2.0 0.05 | 6.0 1.0 0.05
9.0 0.0 0.05 | 5.0 2.0 0.05 | 6.0 1.0 0.05 | 5.0 1.0 0.05 | 1.0 1.0 0.05 | 2.0 0.0 0.05 | 2.0 0.0 0.05 | 0.0 0.0 0.0 | 3.0 2.0 0.05 | 4.0 0.0 0.05
4.0 2.0 0.05 | 3.0 1.0 0.05 | 8.0 2.0 0.05 | 6.0 2.0 0.05 | 8.0 2.0 0.05 | 6.0 2.0 0.05 | 5.0 2.0 0.05 | 3.0 2.0 0.05 | 0.0 0.0 0.0 | 1.0 1.0 0.05
6.0 0.0 0.05 | 9.0 2.0 0.05 | 7.0 1.0 0.05 | 4.0 0.0 0.05 | 9.0 0.0 0.05 | 1.0 1.0 0.05 | 6.0 1.0 0.05 | 4.0 0.0 0.05 | 1.0 1.0 0.05 | 0.0 0.0 0.0
